-2.07776 114.952 21.2659 146.117 -89.1274 -40.7213
1.46121 120.011 21.268 145.753 -88.151 -30.0151
2.78987 126.012 23.9493 144.862 -86.0128 -36.1331
9.67692 126.02 29.0607 142.926 -92.8119 -36.0795
21.5037 119.192 27.9813 146.483 -106.902 -36.096
27.5167 122.448 27.9923 150.323 -108.896 -36.0981
30.8064 122.887 31.214 148.552 -109.258 -15.6848
46.4859 101.609 66.3641 134.315 -117.778 3.79876
58.6677 74.7438 91.7968 122.395 -120.021 3.81456
60.5546 58.3426 102.447 119.297 -117.829 3.90382
36.3758 62.391 94.7864 109.851 -106.464 3.8894
37.9798 47.9632 106.759 102.659 -110.855 -2.47374
37.9825 38.2115 117.786 96.8618 -111.359 -2.47649
0.747782 58.5602 102.688 92.816 -87.1416 -25.3507
-17.4909 79.1617 84.245 105.449 -71.7422 -50.1015
-22.1896 70.5539 102.612 89.0216 -68.3502 -42.8863
-6.21412 75.5012 81.414 107.73 -86.9109 -51.7591
0.072809 93.4892 55.982 123.113 -89.8752 -42.6253
3.42707 95.5334 53.1166 118.604 -79.5336 25.8847
3.21009 95.5306 53.1139 126.302 -93.6119 -77.9793
-15.4962 100.59 51.9754 125.378 -69.5868 -29.8359
-27.6196 106.95 51.9864 129.723 -61.4673 -40.529
-31.2945 109.086 63.4218 120.574 -59.2721 -40.5263
-34.8232 98.2154 72.8625 110.972 -66.0341 -78.5431
-35.0704 83.353 91.0408 101.406 -65.193 -94.3737
-25.2905 107.688 51.8869 126.846 -73.3517 -80.3029
-31.4092 117.222 46.0854 139.022 -66.7421 -80.2006
-40.1426 85.2865 84.7964 112.135 -62.5693 -80.1443
-40.1392 65.8538 104.205 95.9417 -54.2245 -67.072
-8.32555 63.4505 97.6435 97.5477 -83.8203 -46.6951
