-674.76 137.916 836.535 171.144 8.66406 127.877
-743.35 92.6249 774.359 166.004 9.97584 119.972
-816.989 67.9032 671.91 161.562 17.3689 125.205
-833.385 -20.1765 629.637 155.331 13.9769 133.387
-750.495 -138.879 733.208 151.235 1.21531 150.852
-755.224 -224.956 687.123 144.624 4.38751 157.457
-753.027 -274.314 655.684 143.204 -6.97812 144.505
-560.133 -351.012 626.474 145.874 -25.3729 148.78
-357.478 -263.795 646.709 160.358 -29.5895 155.209
-275.902 -153.889 642.608 170.645 -28.0652 151.499
-340.495 -70.5826 707.737 -175.765 -16.1924 121.454
-256.888 -6.66777 671.216 -167.434 -20.886 125.797
-214.206 27.7523 603.287 -162.57 -21.1274 123.928
-317.119 105.549 681.907 -164.372 -4.25647 115.914
-437.11 223.376 707.954 -165.073 10.6958 124.2
-370.357 232.879 620.401 -159.279 10.0962 114.043
-423.47 156.006 756.283 -174.262 -2.29744 135.574
-567.877 114.027 813.7 178.182 1.84148 132.666
-598.319 60.0087 830.619 177.894 10.6122 67.5984
-585.063 89.0559 814.03 175.437 4.08656 171.183
-594.961 245.793 778.86 -176.794 21.6175 103.519
-590.797 381.574 703.646 -176.5 33.4964 99.1787
-600.573 436.061 580.577 -179.461 37.7374 92.9935
-498.987 434.564 627.64 -158.731 16.4697 134.266
-393.385 362.158 612.652 -154.855 3.95229 148.909
-607.275 380.416 691.432 -166.345 18.962 144.885
-619.713 463.945 612.038 -162.971 35.7163 137.487
-363.744 393.106 642.361 -154.845 16.5931 130.736
-254.93 284.073 634.18 -145.115 9.37859 121.177
-331.912 153.211 695.75 -167.736 -4.06751 128.548
