-0.674760 0.137916 0.836535 0.431534 0.895645 0.036071 0.101476
-0.743350 0.092625 0.774359 0.485433 0.861497 0.061930 0.135438
-0.816989 0.067903 0.671910 0.427533 0.877451 0.072025 0.205201
-0.833385 -0.020176 0.629637 0.359775 0.900820 0.147703 0.193052
-0.750495 -0.138879 0.733208 0.241181 0.938101 0.237803 0.072442
-0.755224 -0.224956 0.687123 0.174676 0.935937 0.290627 0.095109
-0.753027 -0.274314 0.655684 0.307000 0.896199 0.317641 0.041030
-0.560133 -0.351012 0.626474 0.313027 0.880904 0.332196 -0.125176
-0.357478 -0.263795 0.646709 0.247042 0.921121 0.215083 -0.210349
-0.275902 -0.153889 0.642608 0.257185 0.932306 0.136168 -0.214755
-0.340495 -0.070583 0.707737 -0.479228 -0.865560 -0.036908 0.140654
-0.256888 -0.006668 0.671216 -0.427672 -0.879234 0.013730 0.209417
-0.214206 0.027752 0.603287 -0.432207 -0.870731 0.046298 0.229958
-0.317119 0.105549 0.681907 -0.520987 -0.841879 0.095645 0.103270
-0.437110 0.223376 0.707954 -0.472645 -0.866799 0.157540 -0.021155
-0.370357 0.232879 0.620401 -0.546647 -0.813383 0.197394 0.024901
-0.423470 0.156006 0.756283 -0.376572 -0.924818 0.038759 0.037455
-0.567877 0.114027 0.813700 0.401084 0.915763 0.008078 0.021083
-0.598319 0.060009 0.830619 0.826346 0.555219 -0.066655 0.066641
-0.585063 0.089056 0.814030 0.075342 0.995727 0.036928 0.038579
-0.594961 0.245793 0.778860 -0.611865 -0.767936 0.137611 -0.130225
-0.590797 0.381574 0.703646 -0.627174 -0.723074 0.208986 -0.200355
-0.600573 0.436061 0.580577 -0.652499 -0.685303 0.225853 -0.231507
-0.498987 0.434564 0.627640 -0.402336 -0.885975 0.222989 -0.058735
-0.393385 0.362158 0.612652 -0.268653 -0.937746 0.218607 0.025878
-0.607275 0.380416 0.691432 -0.314102 -0.927815 0.161132 -0.120561
-0.619713 0.463945 0.612038 -0.383588 -0.860825 0.241291 -0.231557
-0.363744 0.393106 0.642361 -0.431092 -0.864808 0.254571 -0.038208
-0.254930 0.284073 0.634180 -0.488277 -0.816244 0.298542 0.078766
-0.331912 0.153211 0.695750 -0.427897 -0.896807 0.080855 0.078125
