-0.00058 -0.20620 0.48801 -0.55564 0.56122 0.43592 0.43159
-0.11490 -0.18142 0.48070 0.09609 0.80600 -0.08237 0.57822
-0.09609 -0.18801 0.48129 0.07436 0.81985 -0.06375 0.56415
-0.07672 -0.19206 0.48127 0.05804 0.83291 -0.05014 0.54807
-0.05753 -0.19415 0.48073 0.04413 0.84521 -0.03984 0.53112
-0.03813 -0.19511 0.47916 0.03317 0.85706 -0.03239 0.51312
-0.01901 -0.19548 0.47702 0.02428 0.86836 -0.02608 0.49465
-0.00044 -0.19513 0.47433 0.01666 0.87889 -0.02142 0.47626
0.01803 -0.19409 0.47076 0.00926 0.88910 -0.01774 0.45728
0.03667 -0.19255 0.46647 0.00326 0.89892 -0.01482 0.43786
0.05451 -0.19127 0.46142 -0.00193 0.90829 -0.01285 0.41815
0.07257 -0.18882 0.45569 -0.00637 0.91714 -0.01216 0.39832
0.09006 -0.18729 0.44909 -0.01059 0.92564 -0.01066 0.37810
0.10737 -0.18503 0.44210 -0.01399 0.93363 -0.01051 0.35781
0.12450 -0.18266 0.43428 -0.01758 0.94123 -0.01023 0.33715
0.14090 -0.18073 0.42548 -0.02015 0.94840 -0.01053 0.31627
0.13638 -0.14664 0.42512 -0.10274 0.94055 0.01933 0.32316
0.12007 -0.15271 0.43356 -0.09904 0.93354 0.02213 0.34382
0.10395 -0.15760 0.44132 -0.09513 0.92600 0.02429 0.36452
0.08726 -0.16273 0.44818 -0.09079 0.91817 0.02545 0.38481
0.07026 -0.16791 0.45458 -0.08583 0.90980 0.02651 0.40520
0.05263 -0.17306 0.46020 -0.08055 0.90090 0.02692 0.42563
0.03503 -0.17760 0.46505 -0.07443 0.89185 0.02683 0.44535
0.01686 -0.18227 0.46909 -0.06690 0.88247 0.02512 0.46491
-0.00114 -0.18644 0.47231 -0.05942 0.87256 0.02397 0.48429
-0.01964 -0.19020 0.47480 -0.05053 0.86238 0.02104 0.50330
-0.03830 -0.19311 0.47679 -0.04009 0.85191 0.01602 0.52191
-0.05744 -0.19501 0.47813 -0.02678 0.84093 0.00877 0.54040
-0.07696 -0.19625 0.47877 -0.01216 0.82956 -0.00010 0.55829
-0.09683 -0.19459 0.47883 0.00768 0.81766 -0.01415 0.57548
